126
112
104
71
119
129
106
86
43
51
147
101
99
115
81
79
37
145
3
64

150
109
95
120
18
108
14
103
1
60
45
110
6
128
130
38
7
134
16
92
149
84
46
100
30
65
47
127
24
29

44
102
69
76
59
10
68
39
131
35
82
85
146
143
132

40
22
4
58
91
70
124
57
11
32
136
90
117
114
137
88
141
34
14
39
31
113
27
63
60
101
111
67
66
56

23
125
80
139
73
77
66
150
147
55
88
25
44
96
138

98
89
54
87
41
28
104
62
24
76
13
94
33
8
53
38
125
34
81
78
31
97
75
48
21
127
126
37
142
128
5
120
17
70
6

61
42
83
93
15
86
144
19
123
72
103
9
122
114
53
13
50
12
119
116
143
92
75
79
107
95
84
65
2
58

118
36
20
105
124
109
26
93
100
54
52
135
136
123
72
83
121
148
89
1
107
5
30
108
139
94
73
40
99
17
27
90
35
147
45
116
77
84
91
115
15
130
16
133
48
68
95
104
71
150
81
69
111
11
28

91
95
22
7
81
145
92
36
102
117
34
28
37
136
97

107
49
26
115
54
8
13
87
41
86
33
78
40
17
72
12
93
83
79
61
15
127
116
142
100

148
121
73
113
137
1
20
130
70
114
16
86
3
47
132
24
80
51
31
101

133
52
135
112
23
106
30
32
72
102
126
43
58
129
63
145
42
111
68
119
77
94
9
96
118

18
57
4
144
59
138
120
64
92
142
65
133
62
49
22
117
39
87
41
122
8
109
44
52
106

56
146
131
35
55
144
90
132
3
98
110
82
105
2
60
50
125
81
89
24
37
85
122
34
6
52
26
9
23
118

20
121
80
104
70
148
45
98
100
107
82
112
1
55
51
118
137
12
123
29
130
56
21
122
150
89
46
18
10
144
19
24
101
119
16
28
149
69
4
136
124
85
84
66
91
105
73
141
59
94
